64(31,50,54,57,59,72,86,88,131)
34(27,37,68,111,114,118,123)
135(23,25,26,36,37,42,45,50,52,64,71,73,95,107,112,120,132)
106(21,30,65,78,79,81,85,92,94,101,115,117,130)
136(20,25,29,33,36,38,67,74,91,102,103)
98(32,40,57,65,74,86,93,94,127,129)
39(13,20,24,42,66,75,84,91,105,108,113,121,128,130)
131(19,26,63,71,75,79,85,116,117,131)
72(12,24,45,49,79,98,99,109,110,121)
65(12,23,63,73,93,96,100)
132(14,31,39,46,47,55,58,72,75,82,86,88,90,94,124)
73(11,15,19,28,38,40,66,70,123,132)
104(11,12,17,19,47,48,55,70,84,95,99,110,112,119,121,122,126)
32(9,30,48,49,51,52,68,71,74,80,103,113,118,120,127)
33(7,13,15,20,29,35,37,58,61,62,84,99,104,107,123)
63(1,6,14,21,22,33,54,56,58,63,74,82,100,116,118,123,125,127,128)
105(1,7,10,37,42,51,52,53,55,60,66,82,95,102,103,124)
127(8,22,25,26,39,46,55,58,62,64,78,109,122,130)
68(1,7,22,68,69,75,78,97,99,120)
74(14,15,29,39,40,60,65,87,109)
133(0,9,10,14,19,29,40,41,51,77,83,85,98,105,114,119,122)
134(1,5,16,28,32,40,54,55,68,108,112,115,127)
75(2,18,24,30,33,44,45,50,57,60,76,84,110,117,126)
44(10,13,18,27,31,41,51,52,53,70,82,105,114)
103(0,16,21,43,62,89,91,94,98,107,112,125)
129(8,15,20,33,35,46,49,51,62,70,92,127,128,130,131,132)
70(2,9,16,34,36,46,47,73,77,92,101)
100(1,11,19,25,41,56,64,76,78,81,87,94,96,106,108)
41(4,29,30,32,35,41,43,48,60,73,79,104,115,121)
66(4,9,67,77,93,104,108,114,117,129)
125(0,14,26,50,64,65,79,80,85,101,103,107)
97(0,3,27,39,50,65,71,80,100,109,116)
38(3,34,43,61,66,76,77,78,87,96,111,113,125,131)
37(7,27,35,44,47,48,56,88,104)
96(5,18,23,28,31,89,97,115,120,124,126)
126(17,31,32,36,43,45,49,60,66,75,80,88,102,128)
67(6,16,18,24,43,44,49,72,81,83,86,87,90,95,111,119,122,132)
35(2,17,22,41,91,96,118)
94(3,8,10,12,30,34,57,61,62,67,76,106,107,110,112,114,120,122)
95(2,5,6,11,17,23,34,42,81,83,91,93,102,105,115,116,128)
36(4,32,44,54,56,69,84,85,93)
42(4,11,21,23,42,53,80,113)
101(3,8,9,68,69,71,72,74,77,95,99,113,123,125,129)
71(2,5,13,18,70,86,89,92,97,108,130)
130(5,7,26,37,54,56,57,58,59,61,63,72,82,87,89,90,105,124,126)
43(27,48,53,61,67,106,121,132)
102(3,16,17,24,59,63,69,83,97,98,100,101,119)
99(0,12,15,28,33,34,38,44,76,117,131)
40(4,38,39,45,46,53,59,88,92,129)
128(13,38,52,73,81,89,97,101,102,126)
69(6,20,21,28,59,64,69,90,98,100,103,106,110,111,118,119,125)
137(6,8,10,22,25,35,36,47,67,83,90,96,104,106,109,111,116,124,129)
