32(129,194,285,343,368,427,432,580,708,788,811,814,815,824,858,879,897,901,992,1076,1221,1372,1391,1412,1455,1467,1473,1488)
137(126,333,384,589,622,652,745,792,796,798,857,945,989,1032,1051,1064,1114,1226,1247,1306,1322,1370,1424,1442)
72(143,145,156,266,282,314,428,444,496,518,566,576,648,706,834,898,970,988,1144,1329,1337,1388,1459)
131(96,122,170,308,376,395,402,479,512,528,551,552,573,578,588,645,656,760,775,781,817,1029,1041,1113,1118,1119,1120,1137,1175,1202,1244,1324,1332,1339,1395)
63(79,86,103,254,256,294,298,310,347,361,396,407,413,449,503,542,560,667,722,730,753,771,840,850,905,931,976,1034,1055,1165,1214,1282,1346,1418)
135(69,154,203,229,318,382,408,481,615,616,713,885,891,899,998,1072,1171,1179,1189,1215,1235,1271,1283,1292,1344,1405,1427,1477)
136(62,113,165,173,235,280,286,359,373,385,458,473,488,583,614,626,646,692,759,764,770,772,777,839,882,916,940,1009,1086,1216,1260,1376,1382,1385,1429)
64(52,61,88,102,205,292,351,367,394,410,424,447,469,530,531,541,631,660,673,718,735,822,880,1024,1047,1079,1083,1104,1122,1201,1349,1355,1435,1456)
105(47,109,111,128,174,190,238,262,278,436,445,536,570,754,762,768,856,902,915,952,1006,1088,1111,1138,1207,1259,1289,1342,1354,1474)
34(46,138,160,224,253,277,304,316,320,442,489,679,801,846,886,917,967,972,990,1027,1065,1092,1107,1172,1188,1276,1320,1410)
69(59,63,64,95,97,301,362,380,422,869,939,968,1007,1039,1053,1129,1142,1153,1154,1162,1192,1213,1234,1245,1331,1350,1361,1425,1449,1485,1487)
128(42,177,185,207,225,258,260,335,364,426,472,520,535,668,691,717,737,742,761,769,838,843,938,1022,1091,1109,1217,1300,1347,1392,1413,1415,1422)
97(184,297,324,450,485,502,515,561,638,690,701,705,712,849,888,949,1038,1103,1159,1170,1173,1177,1219,1225,1262,1281,1368,1484)
38(6,57,89,270,283,288,360,416,504,563,586,634,670,747,820,842,852,892,960,974,1004,1011,1052,1126,1212,1296,1440,1446)
126(87,115,167,230,232,305,321,330,505,537,562,599,624,765,795,809,828,866,881,1021,1054,1130,1147,1180,1196,1290,1301,1393,1430,1460,1489)
67(1,239,245,287,290,322,404,418,529,643,699,729,778,800,855,921,932,936,985,1099,1146,1150,1160,1239,1291,1378)
66(66,191,211,339,348,366,452,550,611,633,644,703,746,784,942,991,1186,1205,1218,1280,1432,1453)
125(17,28,29,32,136,188,377,464,540,591,727,780,823,929,950,1231,1377,1397,1409)
37(100,124,403,412,435,524,575,605,610,640,707,876,893,937,982,1001,1085,1241,1327,1362,1363,1366,1381,1426,1428,1464)
96(33,53,212,242,326,378,383,397,632,658,719,720,728,741,812,867,872,877,1084,1096,1222,1246,1293,1398,1448)
104(12,183,197,291,300,342,346,363,420,437,466,477,574,592,671,693,896,961,971,1049,1090,1101,1117,1181,1229,1251,1297,1302,1387,1434,1439,1454)
74(55,147,178,196,216,222,243,302,381,389,494,498,545,549,602,681,696,804,1048,1078,1128,1164,1263,1270,1279,1316,1420)
133(4,65,107,271,299,350,355,405,468,470,508,558,579,604,618,682,683,688,695,750,751,774,793,810,863,868,900,926,934,963,1003,1010,1200,1278,1379,1408,1423,1468,1471)
71(71,77,148,164,228,315,337,358,423,465,676,687,689,709,787,919,957,1012,1135,1152,1275,1295,1309,1333,1384,1414,1457)
130(5,127,175,180,199,234,272,357,454,474,507,533,539,546,572,582,590,635,636,655,665,740,748,830,854,903,906,907,973,1035,1108,1125,1199,1203,1308,1348,1383,1458,1483)
42(26,54,94,99,255,281,293,400,475,519,567,577,661,697,1067,1253,1310,1437,1461,1470)
101(21,150,193,247,259,289,295,439,486,499,506,516,521,547,609,619,647,651,749,805,920,923,944,978,1112,1149,1163,1223,1228,1256,1321,1328,1380)
127(60,76,120,159,200,209,309,354,525,584,819,837,841,874,875,958,1005,1015,1030,1073,1143,1145,1227,1264,1358,1365,1373)
68(10,75,131,139,140,169,176,218,244,273,501,538,606,621,625,653,766,783,847,848,871,948,969,983,986,1019,1063,1070,1178,1269,1305,1315,1386)
98(9,13,22,58,78,80,101,106,236,268,388,393,414,448,487,641,649,663,914,1008,1044,1134,1161,1169,1195,1359,1369,1451,1465)
39(20,23,44,50,91,206,217,231,233,340,344,438,511,523,544,554,617,702,739,789,826,862,873,924,962,977,999,1036,1094,1097,1105,1155,1168,1209,1249,1299,1356,1419,1444,1452)
40(142,186,210,274,307,312,341,387,406,429,457,557,659,672,736,755,887,908,1018,1020,1026,1058,1069,1075,1081,1248,1303,1317,1374)
99(3,85,116,133,187,219,417,440,446,478,492,642,678,711,744,776,782,980,1116,1141,1240,1404,1486)
100(110,134,158,162,336,338,356,421,564,565,597,757,913,925,1023,1106,1139,1166,1242,1250,1273,1288,1307,1326,1334,1481)
41(24,121,125,263,491,698,716,738,803,853,878,890,909,964,995,1025,1133,1185,1194,1198,1314,1371,1475,1491)
129(7,36,67,313,323,390,431,462,490,493,601,629,664,669,680,785,808,818,895,941,981,1061,1062,1071,1077,1093,1132,1148,1210,1272,1335,1336,1417)
70(31,104,123,215,252,276,306,331,349,365,379,433,482,543,613,627,657,833,865,922,1046,1059,1140,1204,1237,1294,1311,1389,1416)
43(0,250,317,332,371,386,392,430,509,666,734,825,827,835,910,1013,1100,1187,1236,1352,1353)
102(2,37,38,68,84,141,189,192,195,261,267,391,463,476,556,571,603,620,623,628,694,794,799,806,836,946,947,1014,1095,1123,1158,1254,1258,1266,1267,1304,1345,1406,1421,1433,1441,1479)
103(8,16,72,73,114,161,214,353,401,553,598,731,797,870,943,1042,1043,1167,1183,1211,1284,1286,1323,1325,1330,1338,1340,1357,1438,1445,1447)
44(15,45,93,152,208,329,334,345,455,456,522,527,585,595,954,984,987,1016,1074,1080,1082,1087,1127,1399,1407,1436)
132(11,118,135,146,202,223,265,425,548,654,732,743,756,935,1040,1190,1313,1319,1341,1394,1400)
73(27,49,179,181,182,241,328,374,415,483,559,860,864,996,1060,1098,1131,1261,1277,1403)
65(14,56,70,105,112,117,119,151,163,204,237,240,248,251,461,513,802,821,831,844,912,1000,1066,1224,1238,1268,1298,1402,1482)
95(41,51,171,172,221,441,453,568,587,726,779,791,883,930,951,965,1089,1233,1252,1255,1450,1466,1469)
36(35,90,132,149,226,264,275,303,398,434,451,497,517,596,607,608,637,662,674,677,685,773,918,994,1017,1045,1068,1136,1208,1312,1351,1401,1478)
75(30,74,81,83,296,319,325,327,369,460,534,569,594,639,675,704,715,721,725,733,829,851,894,933,959,975,1028,1031,1056,1057,1220,1265,1274,1285,1396,1443)
134(18,39,168,201,284,419,459,495,555,630,714,758,767,786,889,904,1033,1124,1156,1157,1176,1206,1243,1364,1462,1480)
106(19,43,48,130,144,153,157,249,269,372,593,807,813,927,928,966,979,1110,1151,1174,1390,1472)
94(155,166,198,257,311,411,471,532,686,723,763,790,845,859,861,955,993,1102,1182,1184,1197,1232,1257,1318,1463,1476)
35(25,40,82,92,98,137,220,279,352,370,409,443,467,480,484,500,510,514,581,600,684,710,724,832,997,1002,1037,1121,1191,1193,1230,1343,1360,1367,1375,1411,1431,1490)
33(34,108,213,227,246,375,399,526,612,650,700,752,816,884,911,953,956,1050,1115,1287)
